18
3
51,108,60,69,68,114,100,59,40,91,45,115,33,99,93,77,101,48
1.4,1.5,0.1,1.6,1.9,0.8,0.8,1.4,1.6,1.3,1.4,1.3,1.3,0.2,0.4,1.3,0.7,1.2
0,0,0,0,0,0,0,0,0,0,0,0,0,0,0,0,0,0
23,66,40,70,37,35,53,27,85,23,69,75,51,49,25,57,62,62
0.759,0.290,0.874,0.220,0.210,0.434,0.175,0.217,0.444,0.5808,0.435,0.141,0.593,0.382,0.961,0.396,0.769,0.772
21,25,12,32,32,41,29,70,97,45,81,74,72,98,92,17,76,32
529,522,196,163,235,183,317,193,371,527,378,286,422,419,521,550,223,401
225,302,213,281,381,265,80,60,276,178,110,95,294,55,233,328,229,367
284,299,187,166,218,118,138,104,161,228,95,192,77,79,192,269,191,204
0,0,0,0,0,0,0,0,0,0,0,0,0,0,0,0,0,0
958,570,787
115,63,93

